data/NO0002R.20191203110000.20191203121009.aerosol_light_scattering_coefficient.pm10.1h.30s.lev1.nas
83 1001
Fiebig, Markus; Lunder, Chris
NO01L, Norwegian Institute for Air Research, NILU,, Instituttveien 18,, N-2027, Kjeller, Norway
Fiebig, Markus
ACTRIS_NRT GAW-WDCA_NRT
1 1
2019 01 01 2019 12 03
0
Days from the file reference point (start_time)
12
1 1 1 1 1 1 1 1 1 1 1 1
999.999999 9999.99 9999.99 9999.99 9999 99999999.99999 99999999.99999 99999999.99999 99999999.99999 99999999.99999 99999999.99999 9.999999999999999999999999999999999999999999999
end_time of measurement, days from the file reference point
pressure, hPa, Location=instrument internal, Matrix=instrument 
temperature, K, Location=instrument internal, Matrix=instrument 
relative_humidity, %, Location=instrument internal, Matrix=instrument 
number of wavelengths
aerosol_light_scattering_coefficient, 1/Mm, Wavelength=450 nm
aerosol_light_scattering_coefficient, 1/Mm, Wavelength=550 nm
aerosol_light_scattering_coefficient, 1/Mm, Wavelength=700 nm
aerosol_light_backscattering_coefficient, 1/Mm, Wavelength=450 nm
aerosol_light_backscattering_coefficient, 1/Mm, Wavelength=550 nm
aerosol_light_backscattering_coefficient, 1/Mm, Wavelength=700 nm
numflag
0
57
Data definition:                EBAS_1.1
Set type code:                  TI
Station code:                   NO0002R
Platform code:                  NO0002S
Timezone:                       UTC
Startdate:                      20191203110000
Timeref:                        00_00
Revision date:                20191203121009
Component:                    aerosol_light_scattering_coefficient
Unit:                           1/Mm
Matrix:                         pm10
Period code:                    1h
Resolution code:                30s
Sample duration:                30s
Laboratory code:                NO01L
Instrument type:                nephelometer
Instrument manufacturer:        TSI
Instrument model:               3563
Instrument name:                TSI_3563_BIR_dry
Instrument serial number:       70810508
Method ref:                     NO01L_scat_coef
Orig. time res.:                15s
File name:        NO0002R.20191203110000.20191203121009.aerosol_light_scattering_coefficient.pm10.1h.30s.lev1.nas
Station WDCA-ID:                GAWANO__BIR
Station WDCA-Name:              Birkenes Atmospheric Observatory
Station GAW-ID:                 BIR
Station other IDs:              201(NILUDB)
Measurement latitude:           58.380
Measurement longitude:          8.250
Measurement altitude:           220m
Station land use:               Forest
Station setting:                Rural
Station GAW type:               R
Station WMO region:             6
Originator:                     Fiebig, Markus, Markus.Fiebig@nilu.no, Norwegian Institute for Air Research, NILU, Atmosphere and Climate Department, Instituttveien 18,, N-2027, Kjeller, Norway
Originator:                     Lunder, Chris, crl@nilu.no, Norwegian Institute for Air Research, NILU, Monitoring and Instrumentation Technology, Instituttveien 18,, N-2027, Kjeller, Norway
Submitter:                      Fiebig, Markus, Markus.Fiebig@nilu.no, Norwegian Institute for Air Research, NILU, Atmosphere and Climate Department, Instituttveien 18,, N-2027, Kjeller, Norway
Data level:                   1
Version:                        1
Version description:            initial revision, TSI_3563_control_v0.0.1
Height AGL:                     4m
Inlet type:                     Impactor--direct
Inlet description:              PM10 at ambient humidity inlet, Digitel, flow 140 l/min
Humidity/temperature control:   Nafion dryer
Humidity/temperature control description: Nafion dryer operated with dried sheath air without pressure drop across membrane, target RH 40%
Volume std. temperature:      273.15K
Volume std. pressure:         1013.25hPa
Detection limit:                0.3 1/Mm
Detection limit expl.:          Determined by instrument counting statistics, no detection limit flag used
Measurement uncertainty:        0.5 1/Mm
Measurement uncertainty expl.:  average value taken from Anderson et al. 1996 for statistical and calibration uncertainty
Zero/negative values code:      zero/negative possible
Zero/negative values:           Zero and neg. values may appear due to statistical variations at very low concentrations
Standard method:                cal-gas=CO2+AIR_truncation-correction=none
Comment:                        calibration, but no truncation correction applied
Acknowledgement:                Request acknowledgement details from data originator
start_time   end_time   p_sam   T_sam  RH_sam n_wl         Sct450         Sct550         Sct700      BckSct450      BckSct550      BckSct700 numflag
[from data line 85]
336.488356 336.488704  979.90  301.20   18.20    3       -0.60295        0.23979        0.36476       -0.30079        0.11399        0.12326 0.000000000000000000000000000000000000000000000
336.488704 336.489051  979.80  301.20   18.20    3       -0.76140        0.30561       -0.08396       -0.15349       -0.15862       -0.35248 0.000000000000000000000000000000000000000000000
336.489051 336.489398  979.80  301.20   18.20    3       -0.24130        0.12304       -0.16695        0.27322       -0.11677       -0.45214 0.000000000000000000000000000000000000000000000
336.489398 336.489745  979.90  301.20   18.20    3       -0.61891       -0.22360        0.02512       -0.68322       -0.05418       -0.30410 0.000000000000000000000000000000000000000000000
336.489745 336.490093  979.80  301.20   18.20    3       -0.44678       -0.07263        0.25372        0.57906       -0.00827        0.11309 0.000000000000000000000000000000000000000000000
336.490093 336.490440  979.70  301.20   18.20    3        0.79889        0.07895       -0.44375       -0.33153       -0.05843       -0.19559 0.000000000000000000000000000000000000000000000
336.490440 336.490787  979.80  301.20   18.20    3        0.27379       -0.15566        0.44906       -0.24061       -0.20674       -0.11277 0.000000000000000000000000000000000000000000000
336.490787 336.491134  979.80  301.20   18.20    3       -0.16888        0.12943        0.37095       -0.11118        0.16273        0.02224 0.000000000000000000000000000000000000000000000
336.491134 336.491481  979.70  301.20   18.20    3        0.29253        0.16411        0.14917       -0.10816        0.07962       -0.46200 0.000000000000000000000000000000000000000000000
336.491481 336.491829  979.70  301.20   18.40    3        0.48241        0.58802        0.19114       -0.40087        0.36871       -0.20585 0.000000000000000000000000000000000000000000000
336.491829 336.492176  979.70  301.20   18.20    3       -0.10342        0.70834        0.64550        0.45972        0.00057       -0.37190 0.000000000000000000000000000000000000000000000
336.492176 336.492523  979.70  301.20   18.20    3        0.89434       -0.09652       -0.03402       -0.44204       -0.17301        0.03143 0.000000000000000000000000000000000000000000000
336.492523 336.492870  979.70  301.20   18.40    3        0.58756       -0.19878        0.41524        0.10272        0.00573       -0.24212 0.000000000000000000000000000000000000000000000
336.492870 336.493218  979.70  301.20   18.40    3       -0.07785        0.01455        0.84234        0.02409        0.08804        0.33951 0.000000000000000000000000000000000000000000000
336.493218 336.493565  979.60  301.20   18.40    3       -0.06498       -0.09512        0.29997       -0.49250        0.22720       -0.35506 0.000000000000000000000000000000000000000000000
336.493565 336.493912  979.60  301.20   18.40    3       -0.21032        0.67157        0.03467       -0.33670       -0.18523       -0.13881 0.000000000000000000000000000000000000000000000
336.493912 336.494259  979.60  301.20   18.20    3       -0.33384       -0.22401        0.22218       -0.26644       -0.02585       -0.40194 0.000000000000000000000000000000000000000000000
336.494259 336.494606  979.60  301.20   18.20    3        0.53778       -0.08449        0.71411       -0.72768       -0.09531        0.35141 0.000000000000000000000000000000000000000000000
336.494606 336.494954  979.60  301.20   18.20    3       -0.47915        0.61260        0.29929       -0.22389       -0.02275        0.34536 0.000000000000000000000000000000000000000000000
336.494954 336.495301  979.60  301.20   18.20    3        0.63815        0.28320        0.23416       -0.60815        0.00792        0.13356 0.000000000000000000000000000000000000000000000
336.495301 336.495648  979.60  301.20   18.20    3       -0.18397        0.25423        0.41847        0.02129       -0.20405       -0.22287 0.000000000000000000000000000000000000000000000
336.495648 336.495995  979.70  301.20   18.20    3       -0.35822        0.02873       -0.48492       -0.26322        0.00068       -0.17802 0.000000000000000000000000000000000000000000000
336.495995 336.496343  979.60  301.20   18.20    3        0.36704        0.43946        0.39794       -0.72460        0.21158       -0.46912 0.000000000000000000000000000000000000000000000
336.496343 336.496690  979.60  301.20   18.20    3        1.30595       -0.27522        0.73521        0.04198        0.20621       -0.05633 0.000000000000000000000000000000000000000000000
336.496690 336.497037  979.60  301.20   18.40    3       -0.60108        0.34810        0.39783       -0.51770        0.42555       -0.28936 0.000000000000000000000000000000000000000000000
336.497037 336.497384  979.60  301.20   18.40    3       -0.33168        0.40661        0.60884       -0.15546        0.04181        0.15865 0.000000000000000000000000000000000000000000000
336.497384 336.497731 9999.99 9999.99 9999.99    3 99999999.99999 99999999.99999 99999999.99999 99999999.99999 99999999.99999 99999999.99999 0.999000000000000000000000000000000000000000000
336.497731 336.498079 9999.99 9999.99 9999.99    3 99999999.99999 99999999.99999 99999999.99999 99999999.99999 99999999.99999 99999999.99999 0.999000000000000000000000000000000000000000000
336.498079 336.498426 9999.99 9999.99 9999.99    3 99999999.99999 99999999.99999 99999999.99999 99999999.99999 99999999.99999 99999999.99999 0.999000000000000000000000000000000000000000000
336.498426 336.498773 9999.99 9999.99 9999.99    3 99999999.99999 99999999.99999 99999999.99999 99999999.99999 99999999.99999 99999999.99999 0.999000000000000000000000000000000000000000000
336.498773 336.499120 9999.99 9999.99 9999.99    3 99999999.99999 99999999.99999 99999999.99999 99999999.99999 99999999.99999 99999999.99999 0.999000000000000000000000000000000000000000000
336.499120 336.499468 9999.99 9999.99 9999.99    3 99999999.99999 99999999.99999 99999999.99999 99999999.99999 99999999.99999 99999999.99999 0.999000000000000000000000000000000000000000000
336.499468 336.499815 9999.99 9999.99 9999.99    3 99999999.99999 99999999.99999 99999999.99999 99999999.99999 99999999.99999 99999999.99999 0.999000000000000000000000000000000000000000000
