data/NO0002R.20191203110000.20191203110000.aerosol_light_scattering_coefficient.pm10.1h.30s.lev0.nas
126 1001
Fiebig, Markus; Lunder, Chris
NO01L, Norwegian Institute for Air Research, NILU,, Instituttveien 18,, N-2027, Kjeller, Norway
Fiebig, Markus
ACTRIS_NRT GAW-WDCA_NRT
1 1
2019 01 01 2019 12 03
0
Days from the file reference point (start_time)
55
1 1 1 1 1 1 1 1 1 1 1 1 1 1 1 1 1 1 1 1 1 1 1 1 1 1 1 1 1 1 1 1 1 1 1 1 1 1 1 1 1 1 1 1 1 1 1 1 1 1 1 1 1 1 1 
9999.999999 9999 9999 9999.99 9999.99 9999.99 9999.99 9999.99 999.99 999.99 999.99 0x9999 9999 99999999.99999 99999999.99999 99999999.99999 99999999.99999 99999999.99999 99999999.99999 99999999.99999 99999999.99999 99999999.99999 99999999.99999 99999999.99999 99999999.99999 99999999.99999 99999999.99999 99999999.99999 999999999 999999999 999999999 999999999 999999999 999999999 999999999 999999999 999999999 999999999 999999999 999999999 999999999 999999999 999999999 999999999 999999999 999999999 999999999 999999999 999999999 999999999 999999999 999999999 99999 99999999 9.999
end_time of measurement, days from the file reference point
start_time of measurement, year
end_time of measurement, year
pressure, hPa, Location=instrument internal, Matrix=instrument
temperature, K, Location=instrument inlet, Matrix=instrument
temperature, K, Location=instrument outlet, Matrix=instrument
relative_humidity, %, Location=instrument inlet, Matrix=instrument
relative_humidity, %, Location=instrument outlet, Matrix=instrument
flow_rate, l/min, Location=instrument internal, Matrix=instrument, Volume std. temperature=273.15 K, Volume std. pressure=1013.25 hPa
electric_tension, V, Location=lamp supply, Matrix=instrument
electric_current, A, Location=lamp supply, Matrix=instrument
status, no unit, Status=overall instrument status, Matrix=instrument
number of wavelengths
aerosol_light_scattering_coefficient, 1/Mm, Wavelength=450 nm
aerosol_light_scattering_coefficient, 1/Mm, Wavelength=550 nm
aerosol_light_scattering_coefficient, 1/Mm, Wavelength=700 nm
aerosol_light_backscattering_coefficient, 1/Mm, Wavelength=450 nm
aerosol_light_backscattering_coefficient, 1/Mm, Wavelength=550 nm
aerosol_light_backscattering_coefficient, 1/Mm, Wavelength=700 nm
aerosol_light_scattering_coefficient_zero_measurement, 1/Mm, Wavelength=450 nm
aerosol_light_scattering_coefficient_zero_measurement, 1/Mm, Wavelength=550 nm
aerosol_light_scattering_coefficient_zero_measurement, 1/Mm, Wavelength=700 nm
aerosol_light_backscattering_coefficient_zero_measurement, 1/Mm, Wavelength=450 nm
aerosol_light_backscattering_coefficient_zero_measurement, 1/Mm, Wavelength=550 nm
aerosol_light_backscattering_coefficient_zero_measurement, 1/Mm, Wavelength=700 nm
aerosol_light_rayleighscattering_coefficient_zero_measurement, 1/Mm, Wavelength=450 nm
aerosol_light_rayleighscattering_coefficient_zero_measurement, 1/Mm, Wavelength=550 nm
aerosol_light_rayleighscattering_coefficient_zero_measurement, 1/Mm, Wavelength=700 nm
photon_count, no unit, Wavelength=450 nm, Mode=total scatter calibration
photon_count, no unit, Wavelength=450 nm, Mode=total scatter measurement
photon_count, no unit, Wavelength=450 nm, Mode=total scatter dark
revolutions, no unit, Wavelength=450 nm, Mode=total scatter, Location=reference chopper
photon_count, no unit, Wavelength=450 nm, Mode=backscatter calibration
photon_count, no unit, Wavelength=450 nm, Mode=backscatter measurement
[...]
Humidity/temperature control:   Nafion dryer
Humidity/temperature control description: Nafion dryer operated with dried sheath air without pressure drop across membrane, target RH 40%
Volume std. temperature:        instrument internal
Volume std. pressure:           instrument internal
Detection limit:                0.3 1/Mm
Detection limit expl.:          Determined by instrument counting statistics, no detection limit flag used
Measurement uncertainty:        0.5 1/Mm
Measurement uncertainty expl.:  average value taken from Anderson et al. 1996 for statistical and calibration uncertainty
Zero/negative values code:      zero/negative possible
Zero/negative values:           Zero and neg. values may appear due to statistical variations at very low concentrations
Standard method:                cal-gas=CO2+AIR_truncation-correction=none
Comment:                        calibration, but no truncation correction applied
Acknowledgement:                Request acknowledgement details from data originator
start_time   end_time st_y ed_y   p_sam    T_in   T_out   RH_in  RH_out q_samp  U_lmp  I_lmp status n_wl         Sct450         Sct550         Sct700      BckSct450      BckSct550      BckSct700     ZeroSct450     ZeroSct550     ZeroSct700  ZeroBckSct450  ZeroBckSct550  ZeroBckSct700     ZeroRay450     ZeroRay550     ZeroRay700   TtCl450   TtMs450   TtDk450    TRv450   BkCl450   BkMs450   BkDk450    BRv450   TtCl550   TtMs550   TtDk550    TRv550  BkCl550   BkMs550    BkDk550    BRv550   TtCl700   TtMs700   TtDk700    TRv700   BkCl700   BkMs700   BkDk700    BRv700  remn     sens numflag
[from data line 28]
336.468565 336.468912 2019 2019  980.40  296.50  301.40   24.60   18.40   4.49  13.00   5.80 0x0000    3       -0.49240        0.49020        0.65220        0.02607       -0.03712        0.20020 99999999.99999 99999999.99999 99999999.99999 99999999.99999 99999999.99999 99999999.99999 99999999.99999 99999999.99999 99999999.99999     85145      3681         5       345     48180      1853         0       345    208139      4038        10       345    118418      1855         8       345    152254      3798       350       345     89045      2285       331       345  2482   125162 0.000
336.468912 336.469259 2019 2019  980.40  296.50  301.40   24.60   18.40   4.51  13.00   5.80 0x0000    3        1.07400        0.91390        0.62090        0.40120        0.06669       -0.06159 99999999.99999 99999999.99999 99999999.99999 99999999.99999 99999999.99999 99999999.99999 99999999.99999 99999999.99999 99999999.99999     84133      3851         0       344     48287      1885         2       345    206936      4136         9       344    118559      1876         5       345    151459      3843       373       344     88351      2280       369       345  2452   124800 0.000
336.469259 336.469606 2019 2019  980.40  296.50  301.40   24.60   18.40   4.49  13.00   5.80 0x0000    3        0.65550        0.29620        0.44540       -0.24250        0.20600        0.00477 99999999.99999 99999999.99999 99999999.99999 99999999.99999 99999999.99999 99999999.99999 99999999.99999 99999999.99999 99999999.99999     85075      3840         4       345     48051      1815         2       345    207296      3950         2       345    118718      1906         4       345    152277      3754       388       345     88559      2244       305       345  2422   124654 0.000
336.469606 336.469954 2019 2019  980.40  296.50  301.40   24.33   18.20   4.49  13.00   5.80 0x0000    3       -0.53080        0.72780        0.44600        0.01240        0.31920        0.24230 99999999.99999 99999999.99999 99999999.99999 99999999.99999 99999999.99999 99999999.99999 99999999.99999 99999999.99999 99999999.99999     84963      3662         0       345     47639      1836         0       344    207255      4087         3       345    117530      1943        11       344    151881      3822       388       345     88018      2376       369       344  2392   124629 0.000
336.469954 336.470301 2019 2019  980.30  296.50  301.40   24.33   18.20   4.49  13.00   5.80 0x0000    3        0.48730        1.10100        0.64510        0.20400        0.05725       -0.18960 99999999.99999 99999999.99999 99999999.99999 99999999.99999 99999999.99999 99999999.99999 99999999.99999 99999999.99999 99999999.99999     84530      3792         1       344     47855      1871         5       345    206340      4174         5       344    118672      1862         4       345    151080      3818       384       344     88158      2216       337       345  2362   124439 0.000
336.470301 336.470648 2019 2019  980.30  296.50  301.40   24.33   18.20   4.49  13.00   5.80 0x0000    3        1.46700        0.81960        0.49140        0.15180        0.20080        0.04688 99999999.99999 99999999.99999 99999999.99999 99999999.99999 99999999.99999 99999999.99999 99999999.99999 99999999.99999 99999999.99999     83870      3899         5       345     48011      1845         2       345    206885      4100         2       345    118343      1903         6       345    153001      3889       392       345     89042      2371       394       345  2332   124406 0.000
336.470648 336.470995 2019 2019  980.30  296.50  301.40   24.33   18.20   4.49  13.00   5.80 0x0000    3        0.42160        0.73510        0.60830       -0.29830       -0.01405       -0.19580 99999999.99999 99999999.99999 99999999.99999 99999999.99999 99999999.99999 99999999.99999 99999999.99999 99999999.99999 99999999.99999     85020      3799         0       345     47937      1795         1       344    207981      4100         9       345    117369      1847         2       344    152375      3860       392       345     87555      2240       350       344  2302   125067 0.000
336.470995 336.471343 2019 2019  980.20  296.50  301.40   24.33   18.20   4.50  13.00   5.80 0x0000    3        0.85220        0.28570        0.66090       -0.16300        0.19090        0.28930 99999999.99999 99999999.99999 99999999.99999 99999999.99999 99999999.99999 99999999.99999 99999999.99999 99999999.99999 99999999.99999     85347      3873         0       345     48570      1825         0       345    207863      3960         3       345    119023      1909         5       345    153073      3935       410       345     89098      2437       373       345  2272   124996 0.000
336.471343 336.471690 2019 2019  980.30  296.50  301.40   24.33   18.20   4.48  13.00   5.80 0x0000    3        0.04894        0.74890        0.03250       -0.16490        0.26370       -0.05819 99999999.99999 99999999.99999 99999999.99999 99999999.99999 99999999.99999 99999999.99999 99999999.99999 99999999.99999 99999999.99999     84506      3723         0       344     47898      1812         0       345    207199      4091         9       344    117792      1936         4       345    152462      3715       374       344     87541      2309       384       345  2242   124959 0.000
336.471690 336.472037 2019 2019  980.20  296.50  301.40   24.33   18.20   4.47  13.00   5.80 0x0000    3       -0.06533        0.39070        0.32320       -0.27290        0.18820       -0.08563 99999999.99999 99999999.99999 99999999.99999 99999999.99999 99999999.99999 99999999.99999 99999999.99999 99999999.99999 99999999.99999     85417      3754         1       345     47686      1818         5       345    207749      3988         2       345    117556      1906         5       345    152826      3882       400       345     87906      2376       424       345  2212   124927 0.000
336.472037 336.472384 2019 2019  980.20  296.50  301.40   24.33   18.20   4.47  13.00   5.80 0x0000    3        0.77080        0.58930        0.46030        0.57220        0.09243        0.35400 99999999.99999 99999999.99999 99999999.99999 99999999.99999 99999999.99999 99999999.99999 99999999.99999 99999999.99999 99999999.99999     84346      3822         1       345     48135      1906         4       344    207625      4053         7       345    117364      1879         7       344    151919      3807       376       345     87337      2388       364       344  2182   124852 0.000
336.472384 336.472731 2019 2019  980.20  296.50  301.40   24.33   18.20   4.48  13.00   5.80 0x0000    3        0.75120        0.36310        0.25410       -0.08572        0.03938        0.07123 99999999.99999 99999999.99999 99999999.99999 99999999.99999 99999999.99999 99999999.99999 99999999.99999 99999999.99999 99999999.99999     85015      3853         6       345     47676      1838         2       345    208318      3993         3       345    117967      1869         6       345    151642      3754       363       345     88321      2323       387       345  2152   125270 0.000
336.472731 336.473079 2019 2019  980.20  296.50  301.40   24.33   18.20   4.50  13.00   5.80 0x0000    3        0.98440        0.48170        0.21090        0.36700       -0.12840       -0.00509 99999999.99999 99999999.99999 99999999.99999 99999999.99999 99999999.99999 99999999.99999 99999999.99999 99999999.99999 99999999.99999     84510      3858         4       344     48064      1891         0       345    206115      3994         4       344    117604      1813        12       345    151326      3847       427       344     88056      2417       420       345  2122   124303 0.000
336.473079 336.473426 2019 2019  980.20  296.50  301.40   24.33   18.20   4.50  13.00   5.80 0x0000    3        0.25310        0.56920        0.56260        0.12450        0.07202       -0.00064 99999999.99999 99999999.99999 99999999.99999 99999999.99999 99999999.99999 99999999.99999 99999999.99999 99999999.99999 99999999.99999     84784      3773         4       345     47951      1857         4       344    207144      4026         3       345    117776      1857         1       344    151189      3940       429       345     88177      2400       413       344  2092   124562 0.000
336.473426 336.473773 2019 2019  980.20  296.50  301.40   24.33   18.20   4.49  13.00   5.80 0x0000    3       -0.16700        0.13850        0.57900        0.05774       -0.00329       -0.22790 99999999.99999 99999999.99999 99999999.99999 99999999.99999 99999999.99999 99999999.99999 99999999.99999 99999999.99999 99999999.99999     84682      3711         7       345     47569      1852         2       345    208163      3931         6       345    117909      1863        10       345    152824      3886       391       345     88116      2267       374       345  2062   125177 0.000
336.473773 336.474120 2019 2019  980.20  296.50  301.40   24.33   18.20   4.49  13.00   5.80 0x0000    3        0.59750        0.50560        0.67100       -0.41690        0.07403        0.01721 99999999.99999 99999999.99999 99999999.99999 99999999.99999 99999999.99999 99999999.99999 99999999.99999 99999999.99999 99999999.99999     84317      3792         0       344     47674      1774         1       345    207081      4014         7       344    118073      1876         4       345    151582      3885       377       344     88408      2329       387       345  2032   124887 0.000
336.474120 336.474468 2019 2019  980.20  296.50  301.40   24.33   18.20   4.48  13.00   5.80 0x0000    3        0.29120        0.19560        0.19050       -0.01071        0.18060       -0.37430 99999999.99999 99999999.99999 99999999.99999 99999999.99999 99999999.99999 99999999.99999 99999999.99999 99999999.99999 99999999.99999     84528      3760         0       345     48232      1831         2       345    207741      3925         0       345    117831      1899         3       345    153412      3917       450       345     88435      2361       427       345  2002   124922 0.000
336.474468 336.474815 2019 2019  980.20  296.50  301.30   24.19   18.20   4.49  13.00   5.80 0x0000    3        0.17470        0.27540       -0.09590        0.04875       -0.26210       -0.28900 99999999.99999 99999999.99999 99999999.99999 99999999.99999 99999999.99999 99999999.99999 99999999.99999 99999999.99999 99999999.99999     84802      3764         6       345     47929      1848         3       344    206792      3947         7       345    117820      1770        10       344    152553      3748       398       345     88225      2299       416       344  1972   124350 0.000
336.474815 336.475162 2019 2019  980.20  296.50  301.40   24.33   18.20   4.50  13.00   5.80 0x0000    3        0.63150        0.47790        0.06971        0.33570       -0.19990        0.10850 99999999.99999 99999999.99999 99999999.99999 99999999.99999 99999999.99999 99999999.99999 99999999.99999 99999999.99999 99999999.99999     84699      3822         6       345     48179      1890         2       345    207671      4016         6       345    117346      1793         4       345    151935      3826       427       345     88017      2455       425       345  1942   124880 0.000
336.475162 336.475509 2019 2019  980.20  296.50  301.40   24.33   18.20   4.51  13.00   5.80 0x0000    3        0.93220       -0.05740        0.94200       -0.56560        0.21930        0.30610 99999999.99999 99999999.99999 99999999.99999 99999999.99999 99999999.99999 99999999.99999 99999999.99999 99999999.99999 99999999.99999     84393      3850         5       344     48213      1763         3       345    207386      3858         5       344    118231      1928        11       345    151969      4086       427       344     88799      2532       438       345  1912   125072 0.000
336.475509 336.475856 2019 2019  980.20  296.50  301.30   24.19   18.20   4.50  13.10   5.80 0x0000    3        0.18710        0.50360        0.26710        0.21550        0.31140        0.50190 99999999.99999 99999999.99999 99999999.99999 99999999.99999 99999999.99999 99999999.99999 99999999.99999 99999999.99999 99999999.99999     85157      3778         5       345     47762      1881         1       345    207061      4013         6       345    118676      1941         5       345    153458      3942       444       345     88375      2613       435       345  1882   124512 0.000
336.475856 336.476204 2019 2019  980.20  296.50  301.30   24.19   18.20   4.50  13.00   5.80 0x0000    3        0.92440        0.72060        0.04688       -0.21980        0.19880       -0.18230 99999999.99999 99999999.99999 99999999.99999 99999999.99999 99999999.99999 99999999.99999 99999999.99999 99999999.99999 99999999.99999     84467      3850         1       345     48369      1800         5       344    206058      4052         2       345    118309      1887         4       344    151580      3826       433       345     88763      2376       429       344  1852   123908 0.000
336.476204 336.476551 2019 2019  980.20  296.50  301.30   24.19   18.20   4.50  13.00   5.80 0x0000    3        0.36600        0.29640        0.46850       -0.14010       -0.08029        0.08339 99999999.99999 99999999.99999 99999999.99999 99999999.99999 99999999.99999 99999999.99999 99999999.99999 99999999.99999 99999999.99999     84943      3797         6       345     48284      1830         3       345    207556      3962         9       345    119140      1830         3       345    153189      3885       386       345     88431      2382       399       345  1822   124811 0.000
336.476551 336.476898 2019 2019  980.20  296.50  301.30   24.19   18.20   4.48  13.00   5.80 0x0000    3        0.12130        0.41860        0.54730       -0.40640       -0.17550        0.25340 99999999.99999 99999999.99999 99999999.99999 99999999.99999 99999999.99999 99999999.99999 99999999.99999 99999999.99999 99999999.99999     84131      3728         7       344     47788      1782         3       345    207499      3995         3       344    117542      1804         7       345    151506      3836       366       344     88298      2382       387       345  1792   125140 0.000
336.476898 336.477245 2019 2019  980.20  296.50  301.30   24.19   18.20   4.49  13.00   5.80 0x0000    3       -0.53630        0.23820       -0.13920        0.08591        0.08433        0.32880 99999999.99999 99999999.99999 99999999.99999 99999999.99999 99999999.99999 99999999.99999 99999999.99999 99999999.99999 99999999.99999     85152      3674         0       345     48710      1855         4       344    207854      3948         4       345    117962      1874         6       344    151527      3703       385       345     88099      2449       417       344  1762   124990 0.000
336.477245 336.477593 2019 2019  980.20  296.50  301.30   24.19   18.20   4.49  13.00   5.80 0x0000    3        0.43940        0.35660        0.03849       -0.00901        0.25200        0.30640 99999999.99999 99999999.99999 99999999.99999 99999999.99999 99999999.99999 99999999.99999 99999999.99999 99999999.99999 99999999.99999     84772      3795         3       345     47962      1840         2       345    207677      3995        11       345    118006      1943        12       345    152454      3806       387       345     88751      2495       447       345  1732   124884 0.000
