data/NO0002R.20191203110000.20191203110000.aerosol_light_scattering_coefficient.pm10.1h.30s.lev0.nas
126 1001
Fiebig, Markus; Lunder, Chris
NO01L, Norwegian Institute for Air Research, NILU,, Instituttveien 18,, N-2027, Kjeller, Norway
Fiebig, Markus
ACTRIS_NRT GAW-WDCA_NRT
1 1
2019 01 01 2019 12 03
0
Days from the file reference point (start_time)
55
1 1 1 1 1 1 1 1 1 1 1 1 1 1 1 1 1 1 1 1 1 1 1 1 1 1 1 1 1 1 1 1 1 1 1 1 1 1 1 1 1 1 1 1 1 1 1 1 1 1 1 1 1 1 1 
9999.999999 9999 9999 9999.99 9999.99 9999.99 9999.99 9999.99 999.99 999.99 999.99 0x9999 9999 99999999.99999 99999999.99999 99999999.99999 99999999.99999 99999999.99999 99999999.99999 99999999.99999 99999999.99999 99999999.99999 99999999.99999 99999999.99999 99999999.99999 99999999.99999 99999999.99999 99999999.99999 999999999 999999999 999999999 999999999 999999999 999999999 999999999 999999999 999999999 999999999 999999999 999999999 999999999 999999999 999999999 999999999 999999999 999999999 999999999 999999999 999999999 999999999 999999999 999999999 99999 99999999 9.999
end_time of measurement, days from the file reference point
start_time of measurement, year
end_time of measurement, year
pressure, hPa, Location=instrument internal, Matrix=instrument
temperature, K, Location=instrument inlet, Matrix=instrument
temperature, K, Location=instrument outlet, Matrix=instrument
relative_humidity, %, Location=instrument inlet, Matrix=instrument
relative_humidity, %, Location=instrument outlet, Matrix=instrument
flow_rate, l/min, Location=instrument internal, Matrix=instrument, Volume std. temperature=273.15 K, Volume std. pressure=1013.25 hPa
electric_tension, V, Location=lamp supply, Matrix=instrument
electric_current, A, Location=lamp supply, Matrix=instrument
status, no unit, Status=overall instrument status, Matrix=instrument
number of wavelengths
aerosol_light_scattering_coefficient, 1/Mm, Wavelength=450 nm
aerosol_light_scattering_coefficient, 1/Mm, Wavelength=550 nm
aerosol_light_scattering_coefficient, 1/Mm, Wavelength=700 nm
aerosol_light_backscattering_coefficient, 1/Mm, Wavelength=450 nm
aerosol_light_backscattering_coefficient, 1/Mm, Wavelength=550 nm
aerosol_light_backscattering_coefficient, 1/Mm, Wavelength=700 nm
aerosol_light_scattering_coefficient_zero_measurement, 1/Mm, Wavelength=450 nm
aerosol_light_scattering_coefficient_zero_measurement, 1/Mm, Wavelength=550 nm
aerosol_light_scattering_coefficient_zero_measurement, 1/Mm, Wavelength=700 nm
aerosol_light_backscattering_coefficient_zero_measurement, 1/Mm, Wavelength=450 nm
aerosol_light_backscattering_coefficient_zero_measurement, 1/Mm, Wavelength=550 nm
aerosol_light_backscattering_coefficient_zero_measurement, 1/Mm, Wavelength=700 nm
aerosol_light_rayleighscattering_coefficient_zero_measurement, 1/Mm, Wavelength=450 nm
aerosol_light_rayleighscattering_coefficient_zero_measurement, 1/Mm, Wavelength=550 nm
aerosol_light_rayleighscattering_coefficient_zero_measurement, 1/Mm, Wavelength=700 nm
photon_count, no unit, Wavelength=450 nm, Mode=total scatter calibration
photon_count, no unit, Wavelength=450 nm, Mode=total scatter measurement
photon_count, no unit, Wavelength=450 nm, Mode=total scatter dark
revolutions, no unit, Wavelength=450 nm, Mode=total scatter, Location=reference chopper
photon_count, no unit, Wavelength=450 nm, Mode=backscatter calibration
photon_count, no unit, Wavelength=450 nm, Mode=backscatter measurement
[...]
Humidity/temperature control:   Nafion dryer
Humidity/temperature control description: Nafion dryer operated with dried sheath air without pressure drop across membrane, target RH 40%
Volume std. temperature:        instrument internal
Volume std. pressure:           instrument internal
Detection limit:                0.3 1/Mm
Detection limit expl.:          Determined by instrument counting statistics, no detection limit flag used
Measurement uncertainty:        0.5 1/Mm
Measurement uncertainty expl.:  average value taken from Anderson et al. 1996 for statistical and calibration uncertainty
Zero/negative values code:      zero/negative possible
Zero/negative values:           Zero and neg. values may appear due to statistical variations at very low concentrations
Standard method:                cal-gas=CO2+AIR_truncation-correction=none
Comment:                        calibration, but no truncation correction applied
Acknowledgement:                Request acknowledgement details from data originator
start_time   end_time st_y ed_y   p_sam    T_in   T_out   RH_in  RH_out q_samp  U_lmp  I_lmp status n_wl         Sct450         Sct550         Sct700      BckSct450      BckSct550      BckSct700     ZeroSct450     ZeroSct550     ZeroSct700  ZeroBckSct450  ZeroBckSct550  ZeroBckSct700     ZeroRay450     ZeroRay550     ZeroRay700   TtCl450   TtMs450   TtDk450    TRv450   BkCl450   BkMs450   BkDk450    BRv450   TtCl550   TtMs550   TtDk550    TRv550  BkCl550   BkMs550    BkDk550    BRv550   TtCl700   TtMs700   TtDk700    TRv700   BkCl700   BkMs700   BkDk700    BRv700  remn     sens numflag
[from data line 82]
336.487315 336.487662 2019 2019  979.90  296.50  301.30   24.19   18.20   4.57  13.00   5.80 0x0000    3        0.79120        0.27900       -0.68210       -0.40090       -0.06510       -0.34850 99999999.99999 99999999.99999 99999999.99999 99999999.99999 99999999.99999 99999999.99999 99999999.99999 99999999.99999 99999999.99999     84245      3826         8       345     47742      1780         2       345    207039      3940         5       345    117965      1823         1       345    152260      3647       442       345     88444      2360       440       345   862   124499 0.000
336.487662 336.488009 2019 2019  979.90  296.50  301.30   24.19   18.20   4.56  13.00   5.80 0x0000    3        0.32280        0.24530        0.34510       -0.19680       -0.03517       -0.33850 99999999.99999 99999999.99999 99999999.99999 99999999.99999 99999999.99999 99999999.99999 99999999.99999 99999999.99999 99999999.99999     84226      3759         5       344     48316      1812         4       345    206770      3933         5       344    117406      1843         8       345    150850      3847       390       344     88344      2294       439       345   832   124699 0.000
336.488009 336.488356 2019 2019  979.90  296.50  301.30   24.19   18.20   4.53  13.00   5.80 0x0000    3        0.12920       -0.01416       -0.06218        0.55420       -0.00902        0.19060 99999999.99999 99999999.99999 99999999.99999 99999999.99999 99999999.99999 99999999.99999 99999999.99999 99999999.99999 99999999.99999     85186      3770         2       345     47647      1928         3       345    207848      3876        10       345    118407      1855         3       345    152143      3720       401       345     88294      2411       395       345   802   124987 0.000
336.488356 336.488704 2019 2019  979.90  296.50  301.20   24.05   18.20   4.51  13.00   5.80 0x0000    3       -0.52880        0.21030        0.31990       -0.26380        0.09997        0.10810 99999999.99999 99999999.99999 99999999.99999 99999999.99999 99999999.99999 99999999.99999 99999999.99999 99999999.99999 99999999.99999     84835      3666         3       345     48168      1804         5       344    206536      3917         1       345    117678      1865         4       344    151831      3736       336       345     87965      2292       385       344   772   124196 0.000
336.488704 336.489051 2019 2019  979.80  296.50  301.20   24.05   18.20   4.53  13.10   5.80 0x0000    3       -0.66770        0.26800       -0.07363       -0.13460       -0.13910       -0.30910 99999999.99999 99999999.99999 99999999.99999 99999999.99999 99999999.99999 99999999.99999 99999999.99999 99999999.99999 99999999.99999     84917      3657         5       345     48461      1836         9       345    207250      3957         4       345    119082      1815         9       345    152287      3767       431       345     89105      2319       406       345   742   124626 0.000
336.489051 336.489398 2019 2019  979.80  296.50  301.20   24.05   18.20   4.55  13.00   5.80 0x0000    3       -0.21160        0.10790       -0.14640        0.23960       -0.10240       -0.39650 99999999.99999 99999999.99999 99999999.99999 99999999.99999 99999999.99999 99999999.99999 99999999.99999 99999999.99999 99999999.99999     85238      3721         0       344     48448      1887         2       345    207640      3919         5       344    118537      1837        10       345    152119      3713       422       344     88799      2269       390       345   712   125225 0.000
336.489398 336.489745 2019 2019  979.90  296.50  301.20   24.05   18.20   4.54  13.00   5.80 0x0000    3       -0.54280       -0.19610        0.02203       -0.59920       -0.04752       -0.26670 99999999.99999 99999999.99999 99999999.99999 99999999.99999 99999999.99999 99999999.99999 99999999.99999 99999999.99999 99999999.99999     84585      3659         9       345     48327      1763         4       345    207823      3834         6       345    118507      1852        11       345    152189      3827       435       345     88818      2365       432       345   682   124972 0.000
336.489745 336.490093 2019 2019  979.80  296.50  301.20   24.05   18.20   4.51  13.00   5.80 0x0000    3       -0.39180       -0.06369        0.22250        0.50780       -0.00725        0.09917 99999999.99999 99999999.99999 99999999.99999 99999999.99999 99999999.99999 99999999.99999 99999999.99999 99999999.99999 99999999.99999     83993      3644         2       345     47521      1888         2       344    206184      3828         4       345    118005      1829         0       344    152243      3900       459       345     88577      2477       420       344   652   123984 0.000
336.490093 336.490440 2019 2019  979.70  296.50  301.20   24.05   18.20   4.52  13.00   5.80 0x0000    3        0.70050        0.06923       -0.38910       -0.29070       -0.05123       -0.17150 99999999.99999 99999999.99999 99999999.99999 99999999.99999 99999999.99999 99999999.99999 99999999.99999 99999999.99999 99999999.99999     84331      3815         3       344     47927      1800         5       345    206514      3884         7       344    117294      1840         6       345    152149      3688       465       344     88223      2376       384       345   622   124544 0.000
336.490440 336.490787 2019 2019  979.80  296.50  301.20   24.05   18.20   4.54  13.00   5.80 0x0000    3        0.24010       -0.13650        0.39380       -0.21100       -0.18130       -0.09889 99999999.99999 99999999.99999 99999999.99999 99999999.99999 99999999.99999 99999999.99999 99999999.99999 99999999.99999 99999999.99999     84624      3756         1       345     47809      1804         0       345    207951      3853         8       345    117658      1812         8       345    151522      3868       389       345     88238      2355       434       345   592   125049 0.000
336.490787 336.491134 2019 2019  979.80  296.50  301.20   24.05   18.20   4.53  13.00   5.80 0x0000    3       -0.14810        0.11350        0.32530       -0.09750        0.14270        0.01950 99999999.99999 99999999.99999 99999999.99999 99999999.99999 99999999.99999 99999999.99999 99999999.99999 99999999.99999 99999999.99999     84699      3704         0       345     47630      1815         0       344    207497      3918         7       345    117616      1898         8       344    152923      3741       380       345     88232      2260       326       344   562   124775 0.000
336.491134 336.491481 2019 2019  979.70  296.50  301.20   24.05   18.20   4.56  13.00   5.80 0x0000    3        0.25650        0.14390        0.13080       -0.09484        0.06981       -0.40510 99999999.99999 99999999.99999 99999999.99999 99999999.99999 99999999.99999 99999999.99999 99999999.99999 99999999.99999 99999999.99999     84580      3769         3       345     47650      1832         9       345    207669      3921         2       345    118370      1874         5       345    152696      3815       410       345     88236      2278       412       345   532   124879 0.000
336.491481 336.491829 2019 2019  979.70  296.50  301.20   24.31   18.40   4.54  13.00   5.80 0x0000    3        0.42300        0.51560        0.16760       -0.35150        0.32330       -0.18050 99999999.99999 99999999.99999 99999999.99999 99999999.99999 99999999.99999 99999999.99999 99999999.99999 99999999.99999 99999999.99999     84501      3776         0       344     48175      1787         1       345    206413      4004         4       344    118215      1940         0       345    151498      3871       449       344     89142      2406       433       345   502   124483 0.000
336.491829 336.492176 2019 2019  979.70  296.50  301.20   24.05   18.20   4.54  13.00   5.80 0x0000    3       -0.09068        0.62110        0.56600        0.40310        0.00050       -0.32610 99999999.99999 99999999.99999 99999999.99999 99999999.99999 99999999.99999 99999999.99999 99999999.99999 99999999.99999 99999999.99999     85030      3730         2       345     47934      1901         1       345    207765      4071         1       345    117694      1860        11       345    151607      3954       412       345     88875      2328       442       345   472   124937 0.000
336.492176 336.492523 2019 2019  979.70  296.50  301.20   24.05   18.20   4.55  13.00   5.80 0x0000    3        0.78420       -0.08463       -0.02983       -0.38760       -0.15170        0.02756 99999999.99999 99999999.99999 99999999.99999 99999999.99999 99999999.99999 99999999.99999 99999999.99999 99999999.99999 99999999.99999     84804      3840         1       345     48405      1778         0       344    207552      3853         5       345    118041      1804         4       344    152365      3752       429       345     87944      2379       382       344   442   124808 0.000
336.492523 336.492870 2019 2019  979.70  296.50  301.20   24.31   18.40   4.55  13.00   5.80 0x0000    3        0.51520       -0.17430        0.36410        0.09007        0.00502       -0.21230 99999999.99999 99999999.99999 99999999.99999 99999999.99999 99999999.99999 99999999.99999 99999999.99999 99999999.99999 99999999.99999     84565      3794         3       345     47923      1847         0       345    207838      3835         9       345    118901      1862         3       345    152354      3871       410       345     88350      2326       409       345   412   124981 0.000
336.492870 336.493218 2019 2019  979.70  296.50  301.20   24.31   18.40   4.55  13.00   5.80 0x0000    3       -0.06826        0.01276        0.73860        0.02112        0.07720        0.29770 99999999.99999 99999999.99999 99999999.99999 99999999.99999 99999999.99999 99999999.99999 99999999.99999 99999999.99999 99999999.99999     84340      3704         4       344     47968      1839         0       345    206824      3880         9       344    117660      1888        10       345    151362      3907       378       344     88653      2417       399       345   382   124732 0.000
336.493218 336.493565 2019 2019  979.60  296.50  301.20   24.31   18.40   4.52  13.00   5.80 0x0000    3       -0.05697       -0.08340        0.26300       -0.43180        0.19920       -0.31130 99999999.99999 99999999.99999 99999999.99999 99999999.99999 99999999.99999 99999999.99999 99999999.99999 99999999.99999 99999999.99999     85038      3742         7       345     47971      1786         2       344    207228      3852         7       345    118222      1910         6       344    152054      3780       376       345     87933      2232       393       344   352   124613 0.000
336.493565 336.493912 2019 2019  979.60  296.50  301.20   24.31   18.40   4.52  13.00   5.80 0x0000    3       -0.18440        0.58880        0.03040       -0.29520       -0.16240       -0.12170 99999999.99999 99999999.99999 99999999.99999 99999999.99999 99999999.99999 99999999.99999 99999999.99999 99999999.99999 99999999.99999     85399      3733         2       345     48298      1811         1       345    207949      4058         5       345    118093      1806         1       345    151998      3697       351       345     88478      2275       405       345   322   125048 0.000
336.493912 336.494259 2019 2019  979.60  296.50  301.20   24.05   18.20   4.52  13.00   5.80 0x0000    3       -0.29270       -0.19640        0.19480       -0.23360       -0.02266       -0.35240 99999999.99999 99999999.99999 99999999.99999 99999999.99999 99999999.99999 99999999.99999 99999999.99999 99999999.99999 99999999.99999     84419      3682         4       344     48395      1811         5       345    206120      3791         5       344    117388      1838         2       345    152260      3849       427       344     87854      2320       417       345   292   124306 0.000
336.494259 336.494606 2019 2019  979.60  296.40  301.20   24.20   18.20   4.55  13.00   5.80 0x0000    3        0.47150       -0.07408        0.62610       -0.63800       -0.08356        0.30810 99999999.99999 99999999.99999 99999999.99999 99999999.99999 99999999.99999 99999999.99999 99999999.99999 99999999.99999 99999999.99999     84636      3798         9       345     48218      1754         0       345    207696      3853         2       345    118723      1825         2       345    151209      3883       395       345     88446      2422       390       345   262   124895 0.000
336.494606 336.494954 2019 2019  979.60  296.40  301.20   24.20   18.20   4.53  13.10   5.80 0x0000    3       -0.42010        0.53710        0.26240       -0.19630       -0.01995        0.30280 99999999.99999 99999999.99999 99999999.99999 99999999.99999 99999999.99999 99999999.99999 99999999.99999 99999999.99999 99999999.99999     85026      3686         0       345     47557      1814         5       344    206971      4034         9       345    116936      1845         6       344    152253      3815       393       345     88036      2438       403       344   232   124458 0.000
336.494954 336.495301 2019 2019  979.60  296.50  301.20   24.05   18.20   4.54  13.00   5.80 0x0000    3        0.55950        0.24830        0.20530       -0.53320        0.00694        0.11710 99999999.99999 99999999.99999 99999999.99999 99999999.99999 99999999.99999 99999999.99999 99999999.99999 99999999.99999 99999999.99999     85270      3833         3       345     47875      1776         1       345    207682      3964        12       345    118146      1867         5       345    152463      3863       407       345     88914      2455       442       345   202   124887 0.000
336.495301 336.495648 2019 2019  979.60  296.50  301.20   24.05   18.20   4.53  13.00   5.80 0x0000    3       -0.16130        0.22290        0.36690        0.01867       -0.17890       -0.19540 99999999.99999 99999999.99999 99999999.99999 99999999.99999 99999999.99999 99999999.99999 99999999.99999 99999999.99999 99999999.99999     84824      3718         3       344     48281      1855         6       345    206743      3927         6       344    118588      1797         1       345    151372      3906       487       344     88064      2382       379       345   172   124683 0.000
336.495648 336.495995 2019 2019  979.70  296.50  301.20   24.05   18.20   4.55  13.00   5.80 0x0000    3       -0.31410        0.02519       -0.42520       -0.23080        0.00060       -0.15610 99999999.99999 99999999.99999 99999999.99999 99999999.99999 99999999.99999 99999999.99999 99999999.99999 99999999.99999 99999999.99999     84692      3684         0       345     47811      1805         3       345    207443      3886         8       345    118477      1856         3       345    151999      3687       411       345     88464      2384       447       345   142   124743 0.000
336.495995 336.496343 2019 2019  979.60  296.50  301.20   24.05   18.20   4.55  13.00   5.80 0x0000    3        0.32180        0.38530        0.34890       -0.63530        0.18550       -0.41130 99999999.99999 99999999.99999 99999999.99999 99999999.99999 99999999.99999 99999999.99999 99999999.99999 99999999.99999 99999999.99999     84434      3767         6       345     47756      1744         2       344    206480      3962         0       345    117795      1884         0       344    152213      3791       383       345     88220      2189       372       344   112   124162 0.000
