data/NO0002R.20191203110000.20191203110000.aerosol_light_scattering_coefficient.pm10.1h.30s.lev0.nas
126 1001
Fiebig, Markus; Lunder, Chris
NO01L, Norwegian Institute for Air Research, NILU,, Instituttveien 18,, N-2027, Kjeller, Norway
Fiebig, Markus
ACTRIS_NRT GAW-WDCA_NRT
1 1
2019 01 01 2019 12 03
0
Days from the file reference point (start_time)
55
1 1 1 1 1 1 1 1 1 1 1 1 1 1 1 1 1 1 1 1 1 1 1 1 1 1 1 1 1 1 1 1 1 1 1 1 1 1 1 1 1 1 1 1 1 1 1 1 1 1 1 1 1 1 1 
9999.999999 9999 9999 9999.99 9999.99 9999.99 9999.99 9999.99 999.99 999.99 999.99 0x9999 9999 99999999.99999 99999999.99999 99999999.99999 99999999.99999 99999999.99999 99999999.99999 99999999.99999 99999999.99999 99999999.99999 99999999.99999 99999999.99999 99999999.99999 99999999.99999 99999999.99999 99999999.99999 999999999 999999999 999999999 999999999 999999999 999999999 999999999 999999999 999999999 999999999 999999999 999999999 999999999 999999999 999999999 999999999 999999999 999999999 999999999 999999999 999999999 999999999 999999999 999999999 99999 99999999 9.999
end_time of measurement, days from the file reference point
start_time of measurement, year
end_time of measurement, year
pressure, hPa, Location=instrument internal, Matrix=instrument
temperature, K, Location=instrument inlet, Matrix=instrument
temperature, K, Location=instrument outlet, Matrix=instrument
relative_humidity, %, Location=instrument inlet, Matrix=instrument
relative_humidity, %, Location=instrument outlet, Matrix=instrument
flow_rate, l/min, Location=instrument internal, Matrix=instrument, Volume std. temperature=273.15 K, Volume std. pressure=1013.25 hPa
electric_tension, V, Location=lamp supply, Matrix=instrument
electric_current, A, Location=lamp supply, Matrix=instrument
status, no unit, Status=overall instrument status, Matrix=instrument
number of wavelengths
aerosol_light_scattering_coefficient, 1/Mm, Wavelength=450 nm
aerosol_light_scattering_coefficient, 1/Mm, Wavelength=550 nm
aerosol_light_scattering_coefficient, 1/Mm, Wavelength=700 nm
aerosol_light_backscattering_coefficient, 1/Mm, Wavelength=450 nm
aerosol_light_backscattering_coefficient, 1/Mm, Wavelength=550 nm
aerosol_light_backscattering_coefficient, 1/Mm, Wavelength=700 nm
aerosol_light_scattering_coefficient_zero_measurement, 1/Mm, Wavelength=450 nm
aerosol_light_scattering_coefficient_zero_measurement, 1/Mm, Wavelength=550 nm
aerosol_light_scattering_coefficient_zero_measurement, 1/Mm, Wavelength=700 nm
aerosol_light_backscattering_coefficient_zero_measurement, 1/Mm, Wavelength=450 nm
aerosol_light_backscattering_coefficient_zero_measurement, 1/Mm, Wavelength=550 nm
aerosol_light_backscattering_coefficient_zero_measurement, 1/Mm, Wavelength=700 nm
aerosol_light_rayleighscattering_coefficient_zero_measurement, 1/Mm, Wavelength=450 nm
aerosol_light_rayleighscattering_coefficient_zero_measurement, 1/Mm, Wavelength=550 nm
aerosol_light_rayleighscattering_coefficient_zero_measurement, 1/Mm, Wavelength=700 nm
photon_count, no unit, Wavelength=450 nm, Mode=total scatter calibration
photon_count, no unit, Wavelength=450 nm, Mode=total scatter measurement
photon_count, no unit, Wavelength=450 nm, Mode=total scatter dark
revolutions, no unit, Wavelength=450 nm, Mode=total scatter, Location=reference chopper
photon_count, no unit, Wavelength=450 nm, Mode=backscatter calibration
photon_count, no unit, Wavelength=450 nm, Mode=backscatter measurement
[...]
Humidity/temperature control:   Nafion dryer
Humidity/temperature control description: Nafion dryer operated with dried sheath air without pressure drop across membrane, target RH 40%
Volume std. temperature:        instrument internal
Volume std. pressure:           instrument internal
Detection limit:                0.3 1/Mm
Detection limit expl.:          Determined by instrument counting statistics, no detection limit flag used
Measurement uncertainty:        0.5 1/Mm
Measurement uncertainty expl.:  average value taken from Anderson et al. 1996 for statistical and calibration uncertainty
Zero/negative values code:      zero/negative possible
Zero/negative values:           Zero and neg. values may appear due to statistical variations at very low concentrations
Standard method:                cal-gas=CO2+AIR_truncation-correction=none
Comment:                        calibration, but no truncation correction applied
Acknowledgement:                Request acknowledgement details from data originator
start_time   end_time st_y ed_y   p_sam    T_in   T_out   RH_in  RH_out q_samp  U_lmp  I_lmp status n_wl         Sct450         Sct550         Sct700      BckSct450      BckSct550      BckSct700     ZeroSct450     ZeroSct550     ZeroSct700  ZeroBckSct450  ZeroBckSct550  ZeroBckSct700     ZeroRay450     ZeroRay550     ZeroRay700   TtCl450   TtMs450   TtDk450    TRv450   BkCl450   BkMs450   BkDk450    BRv450   TtCl550   TtMs550   TtDk550    TRv550  BkCl550   BkMs550    BkDk550    BRv550   TtCl700   TtMs700   TtDk700    TRv700   BkCl700   BkMs700   BkDk700    BRv700  remn     sens numflag
[from data line 55]
336.477940 336.478287 2019 2019  980.20  296.50  301.30   24.19   18.20   4.50  13.00   5.80 0x0000    3        0.73300        0.09027       -0.03507        0.30760       -0.12130       -0.01993 99999999.99999 99999999.99999 99999999.99999 99999999.99999 99999999.99999 99999999.99999 99999999.99999 99999999.99999 99999999.99999     85085      3849         0       345     48176      1890         4       345    207777      3907        10       345    117811      1822         4       345    152612      3751       383       345     88405      2367       419       345  1672   124944 0.000
336.478287 336.478634 2019 2019  980.20  296.50  301.30   24.19   18.20   4.48  13.00   5.80 0x0000    3       -1.17400        0.43720       -0.17570        0.20840        0.01401       -0.08038 99999999.99999 99999999.99999 99999999.99999 99999999.99999 99999999.99999 99999999.99999 99999999.99999 99999999.99999 99999999.99999     85038      3597        12       345     47642      1887         7       344    207341      4001         6       345    118792      1852         7       344    152380      3656       382       345     87746      2290       375       344  1642   124681 0.000
336.478634 336.478981 2019 2019  980.10  296.50  301.30   24.19   18.20   4.50  13.00   5.80 0x0000    3       -0.79770        0.54060        0.53030       -0.33200       -0.05438        0.32710 99999999.99999 99999999.99999 99999999.99999 99999999.99999 99999999.99999 99999999.99999 99999999.99999 99999999.99999 99999999.99999     85218      3639         3       345     48417      1802         0       345    208021      4038         2       345    118770      1836         5       345    152115      3914       442       345     88859      2473       371       345  1612   125091 0.000
336.478981 336.479329 2019 2019  980.10  296.50  301.30   24.19   18.20   4.50  13.00   5.80 0x0000    3        0.27540       -0.14980        0.00186       -0.04791       -0.02124       -0.21320 99999999.99999 99999999.99999 99999999.99999 99999999.99999 99999999.99999 99999999.99999 99999999.99999 99999999.99999 99999999.99999     84239      3753         4       344     47941      1833         5       345    206715      3810         7       344    118033      1842         2       345    151932      3744       425       344     88666      2308       374       345  1582   124666 0.000
336.479329 336.479676 2019 2019  980.10  296.50  301.30   24.19   18.20   4.49  13.00   5.80 0x0000    3        0.48960        0.35540        0.21200       -0.15460       -0.12840       -0.01117 99999999.99999 99999999.99999 99999999.99999 99999999.99999 99999999.99999 99999999.99999 99999999.99999 99999999.99999 99999999.99999     84756      3799         3       345     48347      1817         0       345    207847      3984         6       345    118248      1817         5       345    151612      3759       438       345     89103      2317       327       345  1552   124986 0.000
336.479676 336.480023 2019 2019  980.10  296.50  301.30   24.19   18.20   4.49  13.00   5.80 0x0000    3        0.21710        0.36090        0.22880        0.14040       -0.10730        0.30590 99999999.99999 99999999.99999 99999999.99999 99999999.99999 99999999.99999 99999999.99999 99999999.99999 99999999.99999 99999999.99999     85017      3776         6       345     47843      1862         0       344    206545      3970        11       345    117833      1816         8       344    152431      3927       451       345     87515      2555       440       344  1522   124201 0.000
336.480023 336.480370 2019 2019  980.10  296.50  301.30   24.19   18.20   4.52  13.00   5.80 0x0000    3        0.50960        0.33680        0.27110       -0.23010        0.11630        0.20080 99999999.99999 99999999.99999 99999999.99999 99999999.99999 99999999.99999 99999999.99999 99999999.99999 99999999.99999 99999999.99999     84754      3804         5       344     48085      1814         0       345    206866      3962         4       344    117195      1889         9       345    151673      3896       427       344     87839      2504       442       345  1492   124757 0.000
336.480370 336.480718 2019 2019  980.10  296.50  301.30   24.19   18.20   4.50  13.00   5.80 0x0000    3        0.32560       -0.24910        0.25820       -0.32240        0.00438       -0.41960 99999999.99999 99999999.99999 99999999.99999 99999999.99999 99999999.99999 99999999.99999 99999999.99999 99999999.99999 99999999.99999     85289      3801         0       345     48525      1806         4       345    208821      3819         4       345    118361      1863         5       345    151961      3926       430       345     88107      2353       462       345  1462   125573 0.000
336.480718 336.481065 2019 2019  980.10  296.50  301.30   24.19   18.20   4.50  13.00   5.80 0x0000    3        0.33490        0.35130        0.60120        0.31060        0.05731       -0.09371 99999999.99999 99999999.99999 99999999.99999 99999999.99999 99999999.99999 99999999.99999 99999999.99999 99999999.99999 99999999.99999     84538      3770         0       345     47973      1874         5       344    206795      3958         5       345    117030      1853         2       344    151493      4030       481       345     87731      2450       424       344  1432   124352 0.000
336.481065 336.481412 2019 2019  980.10  296.50  301.30   24.19   18.20   4.49  13.00   5.80 0x0000    3       -0.27140        0.65500        0.33990        0.07595       -0.18040        0.08449 99999999.99999 99999999.99999 99999999.99999 99999999.99999 99999999.99999 99999999.99999 99999999.99999 99999999.99999 99999999.99999     85237      3716         2       345     48847      1862         3       345    207578      4067         5       345    118418      1798         5       345    152463      3896       427       345     88311      2437       411       345  1402   124824 0.000
336.481412 336.481759 2019 2019  980.10  296.50  301.30   24.19   18.20   4.50  13.00   5.80 0x0000    3       -0.74510       -0.47570        0.20270       -0.49960       -0.08222        0.11180 99999999.99999 99999999.99999 99999999.99999 99999999.99999 99999999.99999 99999999.99999 99999999.99999 99999999.99999 99999999.99999     85141      3650         6       344     48299      1789         3       345    206562      3707         4       344    117787      1819         2       345    151313      3790       408       344     88087      2395       392       345  1372   124573 0.000
336.481759 336.482106 2019 2019  980.00  296.50  301.30   24.19   18.20   4.49  13.00   5.80 0x0000    3        0.10390        0.13030        0.14770       -0.75950        0.01863        0.03082 99999999.99999 99999999.99999 99999999.99999 99999999.99999 99999999.99999 99999999.99999 99999999.99999 99999999.99999 99999999.99999     85193      3761         0       345     48375      1738         0       345    208566      3928         4       345    118776      1865         5       345    152580      3823       423       345     88781      2402       397       345  1342   125419 0.000
336.482106 336.482454 2019 2019  980.00  296.50  301.30   24.19   18.20   4.50  13.00   5.80 0x0000    3        0.55340        0.03153        0.13560        0.17650        0.26930       -0.11150 99999999.99999 99999999.99999 99999999.99999 99999999.99999 99999999.99999 99999999.99999 99999999.99999 99999999.99999 99999999.99999     85013      3816         0       345     47732      1860         0       344    206984      3877         7       345    117023      1928         9       344    151467      3886       461       345     87381      2432       433       344  1312   124466 0.000
336.482454 336.482801 2019 2019  980.00  296.50  301.30   24.19   18.20   4.51  13.00   5.80 0x0000    3        0.87550       -0.20240        0.23450       -0.52510       -0.16000       -0.49420 99999999.99999 99999999.99999 99999999.99999 99999999.99999 99999999.99999 99999999.99999 99999999.99999 99999999.99999 99999999.99999     84935      3861         3       345     48187      1769         0       345    207240      3804         3       345    117831      1800         6       345    152324      3968       462       345     87939      2377       466       345  1282   124620 0.000
336.482801 336.483148 2019 2019  980.00  296.50  301.30   24.19   18.20   4.50  13.00   5.80 0x0000    3        1.85900        0.25140        0.46300       -0.22010       -0.04040        0.00280 99999999.99999 99999999.99999 99999999.99999 99999999.99999 99999999.99999 99999999.99999 99999999.99999 99999999.99999 99999999.99999     84165      3959         0       344     47693      1797         0       345    206833      3936         2       344    118160      1842        11       345    151540      3857       383       344     88307      2356       408       345  1252   124737 0.000
336.483148 336.483495 2019 2019  980.00  296.50  301.30   24.19   18.20   4.52  13.00   5.80 0x0000    3        0.18250        0.03872        0.05085        0.04024        0.04083        0.23770 99999999.99999 99999999.99999 99999999.99999 99999999.99999 99999999.99999 99999999.99999 99999999.99999 99999999.99999 99999999.99999     84524      3747         4       345     48185      1835         0       344    208224      3900         5       345    117837      1869         9       344    152445      3741       392       345     87947      2400       382       344  1222   125213 0.000
336.483495 336.483843 2019 2019  980.00  296.40  301.30   24.34   18.20   4.51  13.00   5.80 0x0000    3       -0.13030        0.07312        0.54610       -0.06555        0.11620        0.09823 99999999.99999 99999999.99999 99999999.99999 99999999.99999 99999999.99999 99999999.99999 99999999.99999 99999999.99999 99999999.99999     84669      3719         8       345     48224      1838         4       345    207988      3907         8       345    117668      1896         7       345    152398      3866       401       345     87893      2353       362       345  1192   125071 0.000
336.483843 336.484190 2019 2019  979.90  296.50  301.30   24.19   18.20   4.52  13.00   5.80 0x0000    3       -0.86070       -0.24250        0.63820       -0.06473       -0.23760       -0.01146 99999999.99999 99999999.99999 99999999.99999 99999999.99999 99999999.99999 99999999.99999 99999999.99999 99999999.99999 99999999.99999     84301      3598         4       344     48179      1832         5       345    207757      3805         6       344    117797      1790         6       345    151034      3782       372       344     88723      2236       327       345  1162   125296 0.000
336.484190 336.484537 2019 2019  980.00  296.50  301.30   24.19   18.20   4.53  13.00   5.80 0x0000    3       -0.05933       -0.05958       -0.33070        0.17070        0.09716       -0.37440 99999999.99999 99999999.99999 99999999.99999 99999999.99999 99999999.99999 99999999.99999 99999999.99999 99999999.99999 99999999.99999     84394      3703         0       345     47877      1851         0       345    208083      3861         7       345    118413      1883         1       345    153388      3607       362       345     88280      2199       376       345  1132   125128 0.000
336.484537 336.484884 2019 2019  980.00  296.50  301.30   24.19   18.20   4.53  13.10   5.80 0x0000    3       -0.52270        0.33740        0.45290        0.30450        0.09021        0.02064 99999999.99999 99999999.99999 99999999.99999 99999999.99999 99999999.99999 99999999.99999 99999999.99999 99999999.99999 99999999.99999     84614      3655         4       345     48291      1876         2       344    207473      3968         4       345    118143      1870         4       344    152061      3774       330       345     87860      2262       381       344  1102   124761 0.000
336.484884 336.485231 2019 2019  980.00  296.50  301.30   24.19   18.20   4.55  13.00   5.80 0x0000    3       -0.25210        0.27560        0.90590       -0.67060       -0.00874       -0.07625 99999999.99999 99999999.99999 99999999.99999 99999999.99999 99999999.99999 99999999.99999 99999999.99999 99999999.99999 99999999.99999     85300      3718         2       345     48351      1755         0       345    208103      3972        14       345    117702      1862         3       345    152032      3944       383       345     88399      2284       366       345  1072   125140 0.000
336.485231 336.485579 2019 2019  979.90  296.50  301.30   24.19   18.20   4.51  13.00   5.80 0x0000    3       -0.39020        0.55680       -0.05542       -0.25500       -0.10980       -0.34580 99999999.99999 99999999.99999 99999999.99999 99999999.99999 99999999.99999 99999999.99999 99999999.99999 99999999.99999 99999999.99999     84034      3646         1       344     47443      1794         3       345    205673      4003        10       344    117782      1810         2       345    151343      3707       392       344     88678      2259       405       345  1042   124036 0.000
336.485579 336.485926 2019 2019  979.90  296.50  301.30   24.19   18.20   4.52  13.00   5.80 0x0000    3       -0.28420       -0.04100        0.40850        0.12650        0.21320        0.22860 99999999.99999 99999999.99999 99999999.99999 99999999.99999 99999999.99999 99999999.99999 99999999.99999 99999999.99999 99999999.99999     85278      3716         5       345     48144      1870         0       345    207248      3858         6       345    117997      1917         8       345    152234      3829       394       345     87876      2397       380       345  1012   124625 0.000
336.485926 336.486273 2019 2019  979.90  296.50  301.30   24.19   18.20   4.55  13.00   5.80 0x0000    3        0.08341       -0.10540        0.45860       -0.15740        0.13810        0.52290 99999999.99999 99999999.99999 99999999.99999 99999999.99999 99999999.99999 99999999.99999 99999999.99999 99999999.99999 99999999.99999     84584      3737         2       345     48271      1810         3       344    206435      3818         5       345    118321      1876         4       344    151656      3688       285       345     88210      2323       364       344   982   124135 0.000
336.486273 336.486620 2019 2019  979.90  296.50  301.30   24.19   18.20   4.55  13.00   5.80 0x0000    3       -0.04740        0.21260        0.02975        0.29670       -0.08929        0.12200 99999999.99999 99999999.99999 99999999.99999 99999999.99999 99999999.99999 99999999.99999 99999999.99999 99999999.99999 99999999.99999     84710      3722         3       345     48131      1879         0       345    207881      3942        10       345    118302      1829         1       345    152572      3798       439       345     88362      2440       395       345   952   125007 0.000
336.486620 336.486968 2019 2019  979.90  296.50  301.30   24.19   18.20   4.53  13.00   5.80 0x0000    3        0.46830        0.23650        0.36190        0.09452        0.03045        0.19370 99999999.99999 99999999.99999 99999999.99999 99999999.99999 99999999.99999 99999999.99999 99999999.99999 99999999.99999 99999999.99999     84589      3792         0       344     47631      1857         6       345    207080      3927         3       344    117751      1856         2       345    151037      3707       364       344     88294      2296       337       345   922   124887 0.000
