data/NO0002R.20191203110000.20191203110000.aerosol_light_scattering_coefficient.pm10.1h.30s.lev0.nas
126 1001
Fiebig, Markus; Lunder, Chris
NO01L, Norwegian Institute for Air Research, NILU,, Instituttveien 18,, N-2027, Kjeller, Norway
Fiebig, Markus
ACTRIS_NRT GAW-WDCA_NRT
1 1
2019 01 01 2019 12 03
0
Days from the file reference point (start_time)
55
1 1 1 1 1 1 1 1 1 1 1 1 1 1 1 1 1 1 1 1 1 1 1 1 1 1 1 1 1 1 1 1 1 1 1 1 1 1 1 1 1 1 1 1 1 1 1 1 1 1 1 1 1 1 1 
9999.999999 9999 9999 9999.99 9999.99 9999.99 9999.99 9999.99 999.99 999.99 999.99 0x9999 9999 99999999.99999 99999999.99999 99999999.99999 99999999.99999 99999999.99999 99999999.99999 99999999.99999 99999999.99999 99999999.99999 99999999.99999 99999999.99999 99999999.99999 99999999.99999 99999999.99999 99999999.99999 999999999 999999999 999999999 999999999 999999999 999999999 999999999 999999999 999999999 999999999 999999999 999999999 999999999 999999999 999999999 999999999 999999999 999999999 999999999 999999999 999999999 999999999 999999999 999999999 99999 99999999 9.999
end_time of measurement, days from the file reference point
start_time of measurement, year
end_time of measurement, year
pressure, hPa, Location=instrument internal, Matrix=instrument
temperature, K, Location=instrument inlet, Matrix=instrument
temperature, K, Location=instrument outlet, Matrix=instrument
relative_humidity, %, Location=instrument inlet, Matrix=instrument
relative_humidity, %, Location=instrument outlet, Matrix=instrument
flow_rate, l/min, Location=instrument internal, Matrix=instrument, Volume std. temperature=273.15 K, Volume std. pressure=1013.25 hPa
electric_tension, V, Location=lamp supply, Matrix=instrument
electric_current, A, Location=lamp supply, Matrix=instrument
status, no unit, Status=overall instrument status, Matrix=instrument
number of wavelengths
aerosol_light_scattering_coefficient, 1/Mm, Wavelength=450 nm
aerosol_light_scattering_coefficient, 1/Mm, Wavelength=550 nm
aerosol_light_scattering_coefficient, 1/Mm, Wavelength=700 nm
aerosol_light_backscattering_coefficient, 1/Mm, Wavelength=450 nm
aerosol_light_backscattering_coefficient, 1/Mm, Wavelength=550 nm
aerosol_light_backscattering_coefficient, 1/Mm, Wavelength=700 nm
aerosol_light_scattering_coefficient_zero_measurement, 1/Mm, Wavelength=450 nm
aerosol_light_scattering_coefficient_zero_measurement, 1/Mm, Wavelength=550 nm
aerosol_light_scattering_coefficient_zero_measurement, 1/Mm, Wavelength=700 nm
aerosol_light_backscattering_coefficient_zero_measurement, 1/Mm, Wavelength=450 nm
aerosol_light_backscattering_coefficient_zero_measurement, 1/Mm, Wavelength=550 nm
aerosol_light_backscattering_coefficient_zero_measurement, 1/Mm, Wavelength=700 nm
aerosol_light_rayleighscattering_coefficient_zero_measurement, 1/Mm, Wavelength=450 nm
aerosol_light_rayleighscattering_coefficient_zero_measurement, 1/Mm, Wavelength=550 nm
aerosol_light_rayleighscattering_coefficient_zero_measurement, 1/Mm, Wavelength=700 nm
photon_count, no unit, Wavelength=450 nm, Mode=total scatter calibration
photon_count, no unit, Wavelength=450 nm, Mode=total scatter measurement
photon_count, no unit, Wavelength=450 nm, Mode=total scatter dark
revolutions, no unit, Wavelength=450 nm, Mode=total scatter, Location=reference chopper
photon_count, no unit, Wavelength=450 nm, Mode=backscatter calibration
photon_count, no unit, Wavelength=450 nm, Mode=backscatter measurement
[...]
Humidity/temperature control:   Nafion dryer
Humidity/temperature control description: Nafion dryer operated with dried sheath air without pressure drop across membrane, target RH 40%
Volume std. temperature:        instrument internal
Volume std. pressure:           instrument internal
Detection limit:                0.3 1/Mm
Detection limit expl.:          Determined by instrument counting statistics, no detection limit flag used
Measurement uncertainty:        0.5 1/Mm
Measurement uncertainty expl.:  average value taken from Anderson et al. 1996 for statistical and calibration uncertainty
Zero/negative values code:      zero/negative possible
Zero/negative values:           Zero and neg. values may appear due to statistical variations at very low concentrations
Standard method:                cal-gas=CO2+AIR_truncation-correction=none
Comment:                        calibration, but no truncation correction applied
Acknowledgement:                Request acknowledgement details from data originator
start_time   end_time st_y ed_y   p_sam    T_in   T_out   RH_in  RH_out q_samp  U_lmp  I_lmp status n_wl         Sct450         Sct550         Sct700      BckSct450      BckSct550      BckSct700     ZeroSct450     ZeroSct550     ZeroSct700  ZeroBckSct450  ZeroBckSct550  ZeroBckSct700     ZeroRay450     ZeroRay550     ZeroRay700   TtCl450   TtMs450   TtDk450    TRv450   BkCl450   BkMs450   BkDk450    BRv450   TtCl550   TtMs550   TtDk550    TRv550  BkCl550   BkMs550    BkDk550    BRv550   TtCl700   TtMs700   TtDk700    TRv700   BkCl700   BkMs700   BkDk700    BRv700  remn     sens numflag
336.458843 336.459190 2019 2019  969.70  296.10  300.80   29.36   22.20   4.57  13.00   5.80 0x0000    3       26.52000       12.84000        9.84600       13.01000        6.12300        4.99800 99999999.99999 99999999.99999 99999999.99999 99999999.99999 99999999.99999 99999999.99999 99999999.99999 99999999.99999 99999999.99999    618171     27057        14      2516    351068     13298        24      2517   1514066     28039        54      2516    861054     13418        30      2517   1110356     27042      2978      2516    643947     17069      2829      2517    82   124845 0.980
336.459190 336.459537 2019 2019  969.60  296.10  300.80   29.36   22.20   4.57  13.00   5.80 0x0000    3       26.42000       12.84000        9.86100       13.04000        6.13100        5.02400 99999999.99999 99999999.99999 99999999.99999 99999999.99999 99999999.99999 99999999.99999 99999999.99999 99999999.99999 99999999.99999    703122     30656        16      2861    399484     15162        25      2862   1721559     31874        64      2861    980263     15282        36      2862   1262537     30680      3350      2861    732128     19364      3163      2862    52   124836 0.980
336.459537 336.459884 2019 2019  969.60  296.10  300.80   29.36   22.20   4.57  13.00   5.80 0x0000    3       26.46000       12.85000        9.89400       13.08000        6.10800        5.05200 99999999.99999 99999999.99999 99999999.99999 99999999.99999 99999999.99999 99999999.99999 99999999.99999 99999999.99999 99999999.99999    787210     34374        18      3206    447168     17026        32      3206   1928059     35713        72      3206   1097608     17042        37      3206   1414476     34418      3726      3206    820212     21720      3535      3206    22   124765 0.980
336.459884 336.460231 2019 2019  969.60  296.00  300.80   29.54   22.20   4.57  13.00   5.80 0x0000    3       26.50000       12.86000        9.95800       13.04000        6.13100        5.06400       26.50000       12.86000        9.95800       13.04000        6.13100        5.06400       24.23000       10.62000        3.98800    846738     37030        19      3447    480813     18267        34      3448   2073706     38453        77      3447   1180721     18402        39      3448   1520968     37101      3960      3447    882084     23308      3772      3448    52   124808 0.980
336.460231 336.460579 2019 2019  969.60  296.00  300.80   29.54   22.20   4.57  13.00   5.80 0x0000    3       26.50000       12.86000        9.95800       13.04000        6.13100        5.06400 99999999.99999 99999999.99999 99999999.99999 99999999.99999 99999999.99999 99999999.99999 99999999.99999 99999999.99999 99999999.99999    846738     37030        19      3447    480813     18267        34      3448   2073706     38453        77      3447   1180721     18402        39      3448   1520968     37101      3960      3447    882084     23308      3772      3448    22   124808 0.980
336.460579 336.460926 2019 2019  980.70  296.40  301.10   25.77   19.50   4.55  13.00   5.80 0x0000    3        0.47680        0.79400        0.86380        0.16000       -0.00897        0.03806 99999999.99999 99999999.99999 99999999.99999 99999999.99999 99999999.99999 99999999.99999 99999999.99999 99999999.99999 99999999.99999     83834      3760         0       344     47521      1841         0       344    206076      4088         4       344    117345      1841         7       344    151851      3932       379       344     87842      2318       373       344  3172   124280 0.000
336.460926 336.461273 2019 2019  980.70  296.20  301.20   27.99   20.80   4.48  13.00   5.80 0x0000    3        0.66200        0.63760        0.89140       -0.35330        0.06727        0.21070 99999999.99999 99999999.99999 99999999.99999 99999999.99999 99999999.99999 99999999.99999 99999999.99999 99999999.99999 99999999.99999     85478      3871         8       345     47971      1818         5       345    208236      4084         5       345    117245      1883         6       345    152140      3992       411       345     87809      2416       381       345  3142   125221 0.000
336.461273 336.461620 2019 2019  980.70  296.20  301.20   26.91   20.00   4.46  13.00   5.80 0x0000    3        1.34200        1.15700        0.50170       -0.05247        0.25610       -0.39670 99999999.99999 99999999.99999 99999999.99999 99999999.99999 99999999.99999 99999999.99999 99999999.99999 99999999.99999 99999999.99999     83764      3876         2       344     48136      1817         1       345    207220      4221         9       344    117181      1938         4       345    151564      3990       440       344     88511      2366       456       345  3112   124971 0.000
336.461620 336.461968 2019 2019  980.70  296.30  301.30   26.50   19.70   4.48  13.00   5.80 0x0000    3        0.67560        0.55250        0.37310       -0.88330       -0.04964        0.55080 99999999.99999 99999999.99999 99999999.99999 99999999.99999 99999999.99999 99999999.99999 99999999.99999 99999999.99999 99999999.99999     85378      3873         7       345     47594      1746        10       345    207163      4033         7       345    117818      1838         7       345    152703      3794       381       345     88643      2455       357       345  3082   124574 0.000
336.461968 336.462315 2019 2019  980.60  296.30  301.30   25.96   19.30   4.47  13.00   5.80 0x0000    3        0.47640        0.47950        0.38360        0.02301        0.17110        0.01893 99999999.99999 99999999.99999 99999999.99999 99999999.99999 99999999.99999 99999999.99999 99999999.99999 99999999.99999 99999999.99999     84688      3806         9       345     47817      1845         1       344    208423      4038         6       345    118203      1912        10       344    152068      3815       379       345     88133      2322       384       344  3052   125333 0.000
336.462315 336.462662 2019 2019  980.60  296.30  301.30   25.70   19.10   4.47  13.00   5.80 0x0000    3        0.65750        0.77370        0.35710       -0.18750        0.10380        0.28280 99999999.99999 99999999.99999 99999999.99999 99999999.99999 99999999.99999 99999999.99999 99999999.99999 99999999.99999 99999999.99999     84633      3823         3       345     48330      1814         2       345    206960      4089         5       345    117993      1876         4       345    152366      3870       405       345     88653      2463       408       345  3022   124451 0.000
336.462662 336.463009 2019 2019  980.60  296.30  301.30   25.43   18.90   4.47  13.00   5.80 0x0000    3        1.45100        0.72430        0.43260        0.47760        0.16810        0.13310 99999999.99999 99999999.99999 99999999.99999 99999999.99999 99999999.99999 99999999.99999 99999999.99999 99999999.99999 99999999.99999     84614      3934         5       344     48039      1913         1       345    206416      4059         2       344    118057      1891         3       345    151193      3734       323       344     88069      2281       375       345  2992   124485 0.000
336.463009 336.463356 2019 2019  980.60  296.30  301.30   25.29   18.80   4.49  13.00   5.80 0x0000    3        1.00800        0.70300        0.25720        0.19170        0.11020        0.25470 99999999.99999 99999999.99999 99999999.99999 99999999.99999 99999999.99999 99999999.99999 99999999.99999 99999999.99999 99999999.99999     84782      3888         8       345     47883      1874         5       344    207099      4087        10       345    118425      1890        13       344    151841      3746       379       345     88552      2357       359       344  2962   124535 0.000
336.463356 336.463704 2019 2019  980.50  296.30  301.30   25.29   18.80   4.49  13.00   5.80 0x0000    3        1.45600        0.63070        0.50360       -0.16170        0.06883       -0.02741 99999999.99999 99999999.99999 99999999.99999 99999999.99999 99999999.99999 99999999.99999 99999999.99999 99999999.99999 99999999.99999     84045      3907         0       345     48032      1805         5       345    207726      4058         5       345    118394      1869         1       345    152152      3855       383       345     88450      2321       385       345  2932   124913 0.000
336.463704 336.464051 2019 2019  980.50  296.30  301.30   25.02   18.60   4.48  13.00   5.80 0x0000    3        0.67780        0.36800        0.69750        0.01451        0.03851       -0.15820 99999999.99999 99999999.99999 99999999.99999 99999999.99999 99999999.99999 99999999.99999 99999999.99999 99999999.99999 99999999.99999     84960      3836         0       344     48456      1850         1       345    206330      3961         8       344    118584      1861         5       345    150854      3900       404       344     88822      2295       379       345  2902   124433 0.000
336.464051 336.464398 2019 2019  980.50  296.30  301.30   25.02   18.60   4.49  13.00   5.80 0x0000    3        0.99900        0.50910        0.04439       -0.28250       -0.19000       -0.16550 99999999.99999 99999999.99999 99999999.99999 99999999.99999 99999999.99999 99999999.99999 99999999.99999 99999999.99999 99999999.99999     84761      3873         2       345     48681      1800         0       345    208104      4036         7       345    118325      1802         5       345    152426      3741       394       345     88774      2295       383       345  2872   125141 0.000
336.464398 336.464745 2019 2019  980.50  296.30  301.30   25.02   18.60   4.49  13.10   5.80 0x0000    3        1.33200        1.03100        0.39180        0.25440       -0.17190       -0.32090 99999999.99999 99999999.99999 99999999.99999 99999999.99999 99999999.99999 99999999.99999 99999999.99999 99999999.99999 99999999.99999     84930      3940         7       345     48037      1886         6       344    207250      4176         5       345    117157      1796         8       344    151701      3823       391       345     88926      2236       383       344  2842   124626 0.000
336.464745 336.465093 2019 2019  980.40  296.30  301.30   25.02   18.60   4.49  13.00   5.80 0x0000    3        0.82530        0.56710        0.50750       -0.35110        0.00656       -0.06944 99999999.99999 99999999.99999 99999999.99999 99999999.99999 99999999.99999 99999999.99999 99999999.99999 99999999.99999 99999999.99999     85527      3882         2       345     48432      1807         2       345    206914      4036         7       345    118356      1856        10       345    152536      3823       377       345     88458      2272       356       345  2812   124424 0.000
336.465093 336.465440 2019 2019  980.50  296.40  301.30   24.87   18.60   4.48  13.00   5.80 0x0000    3        0.49110        0.65790        0.26600       -0.11810       -0.07731       -0.02343 99999999.99999 99999999.99999 99999999.99999 99999999.99999 99999999.99999 99999999.99999 99999999.99999 99999999.99999 99999999.99999     84341      3789         4       344     47917      1825         3       345    207040      4055         5       344    117758      1827         3       345    151954      3820       369       344     88409      2363       431       345  2782   124862 0.000
336.465440 336.465787 2019 2019  980.50  296.40  301.30   24.60   18.40   4.48  13.00   5.80 0x0000    3        0.87000        0.68840        0.01239       -0.25210        0.25860       -0.10280 99999999.99999 99999999.99999 99999999.99999 99999999.99999 99999999.99999 99999999.99999 99999999.99999 99999999.99999 99999999.99999     84648      3851         2       345     48023      1803         1       345    206707      4061         8       345    118438      1922         3       345    152725      3741       426       345     88571      2319       354       345  2752   124299 0.000
336.465787 336.466134 2019 2019  980.50  296.40  301.30   24.60   18.40   4.48  13.00   5.80 0x0000    3        0.73990        0.57930        0.40290        0.16830        0.05969        0.46560 99999999.99999 99999999.99999 99999999.99999 99999999.99999 99999999.99999 99999999.99999 99999999.99999 99999999.99999 99999999.99999     84707      3839         4       345     47760      1861         2       344    207556      4044         1       345    117816      1864         9       344    152307      3760       359       345     87501      2385       348       344  2722   124811 0.000
336.466134 336.466481 2019 2019  980.50  296.40  301.40   24.75   18.40   4.49  13.00   5.80 0x0000    3        0.73380        0.71120        0.22710       -0.18260       -0.25070        0.01132 99999999.99999 99999999.99999 99999999.99999 99999999.99999 99999999.99999 99999999.99999 99999999.99999 99999999.99999 99999999.99999     85265      3868         3       345     48404      1834         7       345    207965      4096         5       345    118213      1785         9       345    152443      3728       353       345     88950      2280       368       345  2692   125057 0.000
336.466481 336.466829 2019 2019  980.50  296.40  301.40   24.75   18.40   4.48  13.00   5.80 0x0000    3        1.13600        0.38570        0.45940       -0.37620        0.10230       -0.35540 99999999.99999 99999999.99999 99999999.99999 99999999.99999 99999999.99999 99999999.99999 99999999.99999 99999999.99999 99999999.99999     84559      3884         3       344     48763      1789         0       345    205615      3956         5       344    118720      1877        11       345    152477      3858       394       344     89176      2247       383       345  2662   124001 0.000
336.466829 336.467176 2019 2019  980.50  296.40  301.40   24.75   18.40   4.49  13.00   5.80 0x0000    3        0.76190        0.40140        0.52810       -0.05468        0.36330       -0.11110 99999999.99999 99999999.99999 99999999.99999 99999999.99999 99999999.99999 99999999.99999 99999999.99999 99999999.99999 99999999.99999     84872      3853         5       345     48620      1837         4       344    206770      3984         7       345    117967      1955        10       344    152519      3803       372       345     88116      2228       338       344  2632   124337 0.000
336.467176 336.467523 2019 2019  980.50  296.40  301.40   24.75   18.40   4.49  13.00   5.80 0x0000    3        0.69700        0.54450        0.70980        0.03744        0.25790        0.60720 99999999.99999 99999999.99999 99999999.99999 99999999.99999 99999999.99999 99999999.99999 99999999.99999 99999999.99999 99999999.99999     85949      3888         4       345     48119      1874         1       345    207054      4032         8       345    118193      1932         9       345    152972      3839       343       345     88099      2418       347       345  2602   124508 0.000
336.467523 336.467870 2019 2019  980.40  296.40  301.40   24.75   18.40   4.48  13.10   5.80 0x0000    3        0.94210        0.76900        0.47140        0.09492       -0.07825        0.43470 99999999.99999 99999999.99999 99999999.99999 99999999.99999 99999999.99999 99999999.99999 99999999.99999 99999999.99999 99999999.99999     84084      3835         2       344     48351      1846         4       345    206467      4086        13       344    118234      1831         3       345    151410      3763       357       344     88652      2382       353       345  2572   124516 0.000
336.467870 336.468218 2019 2019  980.40  296.50  301.40   24.60   18.40   4.48  13.00   5.80 0x0000    3        0.76660        0.60480        0.20110       -0.11350        0.15930       -0.07940 99999999.99999 99999999.99999 99999999.99999 99999999.99999 99999999.99999 99999999.99999 99999999.99999 99999999.99999 99999999.99999     84971      3852         6       345     48214      1832         1       345    207415      4050         7       345    118132      1899         4       345    152614      3703       331       345     88391      2235       372       345  2542   124726 0.000
